11 12 4 11 11 9 6 10 14 6 5 6 8 6 3
15 7 2 12 13 9 1 5 8 10 9 4 5 11 9
4 15 8 9 8 1 4 11 7 6 13 7 2 4 5
10 9 5 9 15 7 4 3 7 14 9 2 9 13 9
11 14 2 6 2 12 15 2 5 2 10 2 4 2 1
14 13 8 7 9 2 7 15 4 1 7 5 14 12 4
9 2 10 14 1 6 5 2 15 12 6 3 11 6 7
7 3 7 2 10 5 6 7 4 6 8 12 10 1 10
14 2 6 4 5 13 9 1 3 13 12 2 10 7 8
5 6 1 5 8 14 6 12 7 11 7 8 14 10 4
5 10 5 11 4 7 2 5 1 7 6 15 9 7 13
13 2 15 10 12 6 10 9 2 5 11 2 3 8 14
2 5 2 1 2 4 8 13 6 15 2 10 2 3 12
12 2 7 15 3 15 14 6 9 4 2 9 1 5 9
8 1 2 13 8 10 12 4 11 2 3 4 5 2 15
