17 20 17 8 16 4 7 2 7 3 11 19 17 10 16 17 14 16 11 9
17 18 7 13 20 2 14 2 15 2 5 11 16 12 9 3 11 1 8 18
11 9 15 10 12 14 12 13 5 1 12 4 15 3 15 20 17 12 7 6
8 13 11 8 5 8 9 17 8 12 3 8 19 8 2 8 1 15 10 8
4 7 12 11 4 2 16 5 3 5 6 14 12 15 13 18 4 8 5 19
5 13 20 18 9 12 13 10 18 19 7 18 2 13 4 18 6 18 17 13
5 11 14 3 8 5 20 5 9 18 14 6 12 4 5 19 7 13 5 15
6 10 8 2 4 19 11 18 13 16 15 16 1 9 20 12 20 2 14 18
9 15 4 2 4 18 15 11 15 17 15 10 5 15 7 4 8 6 4 14
17 1 19 7 11 7 6 7 4 17 10 15 7 2 17 16 5 17 9 17
3 4 4 7 19 20 5 14 8 15 12 4 17 19 1 5 16 10 4 11
18 2 3 9 3 15 17 1 18 11 8 13 18 5 18 4 3 19 20 3
19 5 13 5 1 11 5 15 16 6 5 9 8 5 10 5 18 4 5 20
20 17 16 19 18 20 1 16 18 13 14 5 3 8 14 9 10 20 4 20
8 6 1 19 14 17 14 19 12 13 11 13 20 14 5 2 8 9 13 4
1 17 5 16 15 9 2 6 17 4 17 8 9 20 14 17 13 17 12 9
14 5 10 1 10 9 19 14 7 14 17 3 4 3 12 8 3 20 3 13
14 16 17 4 13 1 10 9 19 8 4 7 4 18 16 10 11 16 2 1
16 14 18 15 18 8 5 18 17 12 20 12 13 12 11 1 12 7 6 2
13 19 16 19 2 5 4 12 14 10 4 18 5 17 19 7 20 14 15 4